rank,base,chi,A/S,alpha,beta,gamma,delta,epsilon,zeta,e-z,BI/BII,eta,theta,eta',theta',"eta""","theta""",sequence,name
1,A:...2_:[..G]G,-164.0,anti,172.5,51.2,81.5,-150.2,-71.7,-78.5,BI,,NA,-143.9,NA,-143.3,NA,-120.7,G,1D4R
2,A:...3_:[..U]U,-160.6,anti,-53.3,173.0,46.7,80.0,-148.1,-73.4,-74.7,BI,171.3,-147.1,-174.7,-146.8,-136.4,-124.4,U,1D4R
3,A:...4_:[..G]G,-162.4,anti,-70.6,170.0,58.5,75.9,-159.3,-73.1,-86.1,BI,160.6,-156.0,174.9,-155.8,-145.9,-139.8,G,1D4R
4,A:...5_:[..A]A,-163.9,anti,-62.5,179.7,53.7,81.4,-142.5,-74.4,-68.1,BI,178.3,-142.5,-174.5,-139.9,-150.2,-103.1,A,1D4R
5,A:...6_:[..C]C,-154.8,anti,-64.8,164.8,56.1,80.0,-146.9,-74.0,-72.9,BI,163.8,-143.0,-179.3,-143.6,-127.6,-114.6,C,1D4R
6,A:...7_:[..C]C,-156.0,anti,-54.4,170.9,44.1,80.0,-153.2,-83.3,-69.9,BI,168.0,-134.0,-178.1,-139.1,-134.2,-104.3,C,1D4R
7,A:...8_:[..U]U,-157.2,anti,83.5,-168.8,-113.7,108.8,-145.3,-77.4,-67.8,BI,170.0,-168.3,-176.8,-163.0,-123.3,-161.5,U,1D4R
8,A:...9_:[..C]C,-152.9,anti,-57.5,171.9,45.6,79.0,-156.6,-74.6,-82.0,BI,164.2,-154.3,176.8,-153.5,-174.0,-128.8,C,1D4R
9,A:..10_:[..C]C,-158.5,anti,-54.7,174.1,42.2,80.7,-150.6,-73.1,-77.5,BI,168.2,-146.7,178.5,-144.9,-144.8,-123.4,C,1D4R
10,A:..11_:[..C]C,-158.8,anti,-47.0,177.4,36.8,81.7,-148.6,-84.7,-63.9,BI,173.0,-135.8,-175.9,-141.5,-143.0,-114.5,C,1D4R
11,A:..12_:[..G]G,-162.6,anti,70.9,-168.1,-99.2,104.0,-153.9,-99.9,-54.0,BI,172.1,156.0,-178.8,167.5,-135.2,168.3,G,1D4R
12,A:..13_:[..G]G,-164.6,anti,-61.8,170.1,50.3,85.1,-147.0,-71.3,-75.7,BI,173.6,-136.4,173.7,-135.7,165.6,-94.7,G,1D4R
13,A:..14_:[..G]G,-168.4,anti,-54.6,164.1,43.5,79.5,-148.5,-109.4,-39.1,BI,161.5,-148.7,-179.5,-142.6,-116.3,-105.8,G,1D4R
14,A:..15_:[..A]A,-166.3,anti,15.1,124.4,15.5,79.2,-148.4,-75.0,-73.3,BI,177.1,-133.5,-170.0,-130.8,-122.0,-103.8,A,1D4R
15,A:..16_:[..G]G,-169.1,anti,-37.9,155.0,51.4,79.3,-136.2,-68.2,-68.1,BI,-178.8,-129.5,-160.3,-127.7,-115.4,-69.4,G,1D4R
16,A:..17_:[..C]C,-163.8,anti,-62.7,152.8,60.0,79.8,-150.4,-74.8,-75.6,BI,156.0,-145.9,-176.8,-150.3,-94.6,-134.0,C,1D4R
17,A:..18_:[..G]G,-166.0,anti,-70.8,172.1,54.8,75.2,-156.7,-72.9,-83.9,BI,159.4,-155.1,171.7,-152.7,-152.7,-123.2,G,1D4R
18,A:..19_:[..G]G,-169.2,anti,-64.9,179.8,54.5,83.3,-142.7,-74.8,-67.8,BI,176.2,-139.5,-175.2,-139.3,-135.9,-121.1,G,1D4R
19,A:..20_:[..G]G,-157.8,anti,-46.3,177.3,30.2,77.4,-167.6,-70.3,-97.3,BI,165.0,-137.7,177.3,-147.4,-148.1,-138.1,G,1D4R
20,A:..21_:[..G]G,-178.1,anti,134.4,-172.1,-159.6,87.9,-135.8,-66.2,-69.6,BI,173.3,-166.4,178.8,-155.6,-155.9,-119.3,G,1D4R
21,A:..22_:[..G]G,-169.5,anti,-76.9,174.6,61.1,77.1,-156.7,-95.0,-61.7,BI,159.5,-151.0,-178.5,-157.3,-128.4,-137.6,G,1D4R
22,A:..23_:[..A]A,-169.2,anti,76.2,-161.4,-99.4,111.8,-127.4,-57.1,-70.2,BI,-173.6,-136.1,-170.7,-126.4,-140.0,-75.6,A,1D4R
23,A:..24_:[..C]C,-157.8,anti,-69.5,167.2,57.4,80.4,-153.2,-94.3,-58.9,BI,154.2,-165.1,-173.6,-165.5,-103.2,-162.9,C,1D4R
24,A:..25_:[..C]C,-159.4,anti,-47.9,162.7,45.9,83.9,-154.6,-76.4,-78.2,BI,173.0,-147.8,178.6,-149.5,-171.1,-128.9,C,1D4R
25,A:..26_:[..A]A,-157.1,anti,-59.8,171.1,47.5,82.6,-150.0,-78.9,-71.1,BI,166.6,-148.3,178.4,-146.6,-145.6,-117.5,A,1D4R
26,A:..27_:[..C]C,-164.5,anti,-54.2,161.1,54.1,79.3,-142.0,-66.7,-75.3,BI,171.9,-132.7,-174.0,-131.7,-131.1,-93.8,C,1D4R
27,A:..28_:[..U]U,-150.9,anti,-53.3,170.5,44.7,79.1,,,,,NA,NA,NA,NA,NA,NA,U,1D4R
28,B:...2_:[..G]G,-164.2,anti,174.8,59.2,83.8,-148.0,-73.8,-74.2,BI,,NA,-140.9,NA,-140.7,NA,-116.6,G,1D4R
29,B:...3_:[..U]U,-154.7,anti,-49.5,175.6,36.9,82.9,-158.5,-66.2,-92.3,BI,168.3,-145.6,-177.5,-143.9,-137.4,-115.0,U,1D4R
30,B:...4_:[..G]G,-156.3,anti,-56.4,174.8,44.1,80.9,-176.7,-46.4,-130.2,BI,168.2,-132.1,-174.7,-143.8,-130.2,-132.0,G,1D4R
31,B:...5_:[..A]A,179.5,anti,178.4,159.8,161.2,89.5,-120.2,-82.5,-37.7,BI,170.3,-158.1,179.1,-148.0,-151.9,-93.5,A,1D4R
32,B:...6_:[..C]C,-161.5,anti,-43.6,151.4,44.5,79.6,-147.7,-94.0,-53.7,BI,160.0,-156.3,-175.4,-158.1,-105.9,-152.5,C,1D4R
33,B:...7_:[..C]C,-156.3,anti,-39.9,151.9,43.1,77.5,-154.9,-63.5,-91.4,BI,168.0,-140.4,177.6,-140.6,-163.4,-111.7,C,1D4R
34,B:...8_:[..U]U,-159.2,anti,-71.5,176.0,58.8,81.8,-159.7,-83.8,-75.9,BI,167.1,-162.2,-175.4,-163.9,-129.3,-153.5,U,1D4R
35,B:...9_:[..C]C,-161.2,anti,-58.6,178.4,40.0,81.4,-153.0,-71.6,-81.4,BI,168.6,-148.4,171.5,-146.2,-169.5,-126.1,C,1D4R
36,B:..10_:[..C]C,-162.8,anti,-59.9,170.5,51.4,78.0,-152.2,-70.1,-82.2,BI,168.2,-147.5,-178.4,-146.5,-144.9,-120.7,C,1D4R
37,B:..11_:[..C]C,-159.5,anti,-64.9,-179.8,47.8,75.8,-157.1,-72.9,-84.2,BI,164.7,-156.0,176.5,-153.8,-143.5,-133.7,C,1D4R
38,B:..12_:[..G]G,-163.5,anti,-58.7,173.9,53.0,77.0,-169.5,-108.6,-61.0,BI,172.1,161.9,-176.1,164.8,-144.2,165.9,G,1D4R
39,B:..13_:[..G]G,-160.9,anti,-51.5,174.3,42.9,85.4,-154.1,-61.8,-92.2,BI,179.1,-135.9,172.0,-134.5,163.8,-102.4,G,1D4R
40,B:..14_:[..G]G,-170.6,anti,-67.0,173.2,52.2,77.6,-156.1,-69.2,-86.9,BI,161.5,-149.2,-178.3,-146.1,-121.3,-115.6,G,1D4R
41,B:..15_:[..A]A,-171.1,anti,-66.7,-178.7,59.2,86.8,-138.8,-68.1,-70.6,BI,179.5,-126.2,-168.8,-123.7,-125.6,-82.0,A,1D4R
42,B:..16_:[..G]G,-161.5,anti,-48.1,179.6,35.4,88.9,-150.0,-62.4,-87.6,BI,169.9,-132.8,-170.0,-130.4,-108.1,-82.5,G,1D4R
43,B:..17_:[..C]C,-156.2,anti,-71.2,171.5,51.3,81.7,-165.1,-60.0,-105.0,BI,154.3,-144.5,178.4,-146.0,-110.5,-127.3,C,1D4R
44,B:..18_:[..G]G,-159.4,anti,-70.8,-165.8,43.9,83.3,-155.8,-69.2,-86.6,BI,169.4,-147.0,179.6,-144.0,-147.1,-120.9,G,1D4R
45,B:..19_:[..G]G,-170.8,anti,-56.2,172.5,47.0,77.7,-142.2,-77.2,-65.1,BI,171.0,-146.4,-176.6,-143.0,-140.7,-114.1,G,1D4R
46,B:..20_:[..G]G,-164.8,anti,-58.3,162.2,61.4,77.5,-159.0,-80.0,-79.0,BI,171.0,-132.7,-172.9,-149.1,-130.0,-144.4,G,1D4R
47,B:..21_:[..G]G,-172.0,anti,124.0,-174.1,-154.4,88.3,-146.5,-65.6,-80.9,BI,163.6,-174.8,169.3,-162.7,-167.1,-121.8,G,1D4R
48,B:..22_:[..G]G,-169.4,anti,-67.1,175.7,55.4,83.6,-139.9,-77.8,-62.1,BI,170.2,-138.3,-171.4,-135.3,-121.0,-88.5,G,1D4R
49,B:..23_:[..A]A,-160.4,anti,-48.9,168.3,39.0,89.6,-144.6,-75.9,-68.7,BI,168.1,-138.9,-174.6,-139.4,-110.9,-115.1,A,1D4R
50,B:..24_:[..C]C,-157.2,anti,-70.2,163.7,58.9,79.0,-151.1,-84.9,-66.2,BI,160.2,-158.9,177.3,-162.1,-139.2,-161.7,C,1D4R
51,B:..25_:[..C]C,-157.4,anti,-63.4,163.0,56.7,78.2,-146.9,-73.9,-73.0,BI,166.7,-145.9,174.0,-147.4,-173.0,-126.5,C,1D4R
52,B:..26_:[..A]A,-161.4,anti,-61.3,170.0,53.0,77.2,-156.4,-72.0,-84.4,BI,166.2,-153.0,179.6,-151.2,-143.3,-125.4,A,1D4R
53,B:..27_:[..C]C,-164.8,anti,-65.2,167.2,60.2,80.1,-142.2,-71.0,-71.2,BI,172.5,-134.9,-173.6,-133.5,-134.9,-97.7,C,1D4R
54,B:..28_:[..U]U,-143.9,anti,-43.6,172.7,34.1,83.2,,,,,NA,NA,NA,NA,NA,NA,U,1D4R
